<?xml version="1.0"?>
<opencv_storage>
<calibration_time>"02/11/16 22:03:23"</calibration_time>
<nr_of_frames>26</nr_of_frames>
<image_width>1920</image_width>
<image_height>1080</image_height>
<board_width>9</board_width>
<board_height>6</board_height>
<square_size>22.</square_size>
<fix_aspect_ratio>1.</fix_aspect_ratio>
<!-- flags: +fix_aspectRatio +fix_principal_point +zero_tangent_dist -->
<flags>6158</flags>
<fisheye_model>0</fisheye_model>
<camera_matrix type_id="opencv-matrix">
  <rows>3</rows>
  <cols>3</cols>
  <dt>d</dt>
  <data>
    1.1062455198349824e+003 0. 9.5950000000000000e+002 0.
    1.1062455198349824e+003 5.3950000000000000e+002 0. 0. 1.</data></camera_matrix>
<distortion_coefficients type_id="opencv-matrix">
  <rows>5</rows>
  <cols>1</cols>
  <dt>d</dt>
  <data>
    5.1846855724053065e-002 4.9712418137440581e-002 0. 0.
    -1.0409391249625624e-001</data></distortion_coefficients>
<avg_reprojection_error>1.1319647294531512e+000</avg_reprojection_error>
<per_view_reprojection_errors type_id="opencv-matrix">
  <rows>26</rows>
  <cols>1</cols>
  <dt>f</dt>
  <data>
    3.15206558e-001 5.50618649e-001 1.29711306e+000 9.11034644e-001
    8.45223963e-001 5.07128119e-001 5.97209334e-001 8.87383401e-001
    7.73647368e-001 1.28073704e+000 5.31450450e-001 1.06137979e+000
    1.54915583e+000 1.76046658e+000 5.29687941e-001 6.88527703e-001
    1.02239990e+000 5.12394667e-001 1.33832657e+000 1.30509651e+000
    6.76703691e-001 5.91972649e-001 1.08417964e+000 8.50496709e-001
    2.30223513e+000 2.36072087e+000</data></per_view_reprojection_errors>
<extrinsic_parameters type_id="opencv-matrix">
  <rows>26</rows>
  <cols>6</cols>
  <dt>d</dt>
  <data>
    -1.6285613382037104e-001 -2.6403282086496688e-001
    -3.0988145946605901e+000 1.0513200904168266e+002
    7.2233103275535512e+001 4.7419105237380364e+002
    1.9893923681594421e-002 3.8069507367853161e-001
    3.1227598590403760e+000 3.5796737519796613e+002
    1.8434328475227937e+002 4.9503730605783016e+002
    -2.3076586912207778e-001 -3.6372906101039160e-001
    -3.0538712929104159e+000 2.9097240647020516e+002
    -3.5362918494931563e+001 3.7851823844365373e+002
    -2.3166309890335959e-001 1.7914008125784034e-001
    3.0901218532353054e+000 -1.0754718513976084e+002
    -4.2186480597604096e+001 4.2345013470632978e+002
    3.7389557465865092e-001 8.1471451956645458e-002
    -3.1090005301481058e+000 -1.0177739213697002e+002
    1.4052025486704682e+002 4.3630128605478234e+002
    9.0161298392773995e-002 9.7870435926735222e-002
    1.5906110823892066e+000 1.2483839106855875e+002
    -1.0967834198141681e+002 5.0329869516308673e+002
    1.5172689439957118e-001 -4.4435432901379850e-002
    1.6273022958761154e+000 2.9426729967027961e+002
    -1.5567775626683954e+002 4.5331824280548017e+002
    2.0758536586579962e-001 -5.3522459345664831e-002
    1.5938216922631967e+000 3.1224285652333020e+002
    -1.3471812028312623e+001 4.6655077904238874e+002
    -3.9587856625172564e-002 4.6602487276107942e-003
    1.6043776400653300e+000 -1.7483977509782125e+002
    -1.8804320726921111e+002 5.3380903231579612e+002
    -5.2026540041150891e-002 -1.3440327912044026e-001
    1.5445152254760914e+000 -1.7738570128041178e+002
    -1.7152064903974420e+001 4.9716269756598638e+002
    -3.2841399042260633e-001 5.9820404034854287e-002
    5.4305122944029893e-001 3.2913237601620416e+001
    -1.3955902867914324e+002 5.0072163027756159e+002
    1.2874891419251555e-001 4.6651750927569728e-003
    1.0281278080440421e+000 -1.2041704735216699e+002
    -6.5165921474011824e+001 4.5221400245252232e+002
    -1.2105894842628905e-001 4.5396280768230768e-002
    1.5294955481473711e+000 1.5641135120029642e+002
    -7.7736367976385665e+001 3.0655469942326511e+002
    -1.7995982718310582e-002 3.2722837440564805e-002
    4.0516264421786720e-002 -1.1367508144774443e+002
    -5.0693516143364036e+001 2.5849280656066168e+002
    2.9983067815247191e-002 7.1905499278127422e-002
    -8.5123449113164482e-002 -1.4925971210223585e+002
    -1.7273425871179987e+002 7.4787920530284532e+002
    3.4595476920185553e-001 -4.6440288752859488e-001
    -1.3450270166453866e+000 -2.3667685166633703e+002
    2.2840278315679793e+001 4.6154826125700828e+002
    -4.6265080842745332e-001 4.5689604565520803e-001
    -1.4467999980068789e+000 2.0065804394933264e+002
    -4.7810397910283609e+000 5.7360722190114302e+002
    5.3750255461771208e-002 3.1572976026329219e-002
    -8.9625610669248398e-003 7.0219693684573897e+001
    -1.2670492391677639e+002 6.3847829142989053e+002
    -3.3277704119977497e-001 7.6279811224030353e-002
    -3.6941520993743160e-001 -1.7612494534222958e+002
    -1.9659891596889861e+002 6.9318565418605408e+002
    -3.1125146880193161e-001 -4.7183555042962261e-001
    -2.3691113966193542e-001 -3.8044675167764029e+002
    -1.5521230413806217e+002 5.3392022670771132e+002
    -3.7611428656329871e-001 4.3591635554150843e-001
    -3.5798628147615519e-001 -2.1776403900802410e+002
    5.5868669109488067e+001 7.7412501096779488e+002
    7.2174334520666725e-002 3.5877676934631725e-001
    4.0962395143522418e-001 4.6245619247325031e+001
    -1.2499667940836805e+002 5.5931012337299637e+002
    7.8301903900984668e-002 -6.4505888472848660e-001
    -2.1157701956479519e-001 -2.3902889718649780e+002
    -6.1777655275762115e+001 4.8285434550681185e+002
    1.1219783690195723e-001 -1.9977869410294117e-002
    9.4880041848495111e-001 1.6290423708118243e+002
    -2.1953546432917057e+002 5.8555790682152326e+002
    -1.9981700289089025e-002 1.0115395714058029e-001
    1.5062382258717504e+000 -6.9664858868405204e+001
    -9.8421535038618117e+001 2.9226654465666940e+002
    1.0496468221644320e-001 -9.7219827310825901e-002
    3.6478226150236021e-002 9.6906193383699257e+000
    -8.9180813591565254e+001 2.6637648735156426e+002</data></extrinsic_parameters>
